968695989626788
980710647118768
006660785489638
442521371066848
731289611822848
373624351972298
042634914883418
025766554848178
104167058309818
853867744969078
547505632605068
434222387935948
384811760131718
551117156008808
733758748800518
967704172437188
623360093069378
715148944014618
360859247273888
010243852823561
617005000737476
798675910307466
595932167596496
935504908289976
942797990787676
297867334863546
318729398321016
648381281512606
263053879809206
077631958790996
578316457109226
592175689136136
170906840775016
347213191938586
355770959750626
669482779415616
145823896162646
271637062265176
005851506311446
046620099853345
132268262248266
690534172589616
791944152961686
048156322042416
322596456524456
056912931875156
713149734793006
161513484499496
298654624550856
869660352644096
451146020136936
868467387295196
916630145485776
745139568852176
676389427757866
479690573639996
231964867197046
397465243703296
113732242723896
368251344090533
593436443416905
133797069394075
782271376057985
274286844553945
724797675287335
179529893005495
903722452479115
036302594548055
169503967297825
943783049909265
221536939897215
752005973566965
311818719624395
292403790048605
147006528248595
634835179683345
928789557927605
672028846777335
357749720168965
251141978605580
487762339582399
039284046852339
285938695265719
973286414197749
458603915542929
143143284361889
199795445829689
059800036651179
583534125493479
202033824081059
720933205554839
742049436429909
551653454191609
888264589907269
582305626399129
699814820018319
920986299642389
996794792244839
056837163508479
410983919108441
341058654099459
601844823134409
433455118598849
583445643828279
999210322233839
080379490741799
776087428479899
972635126962079
846362080692569
105928632381649
201462423963229
498175670532849
351995430650439
709398258459139
987988879779309
463623030692559
624572132517389
432795677561019
912085438171599
935920504055308
739917039987439
373033231936019
480996190429339
537356697038549
938989941488209
551832302866779
495203806781539
798541167899569
211086803099109
674792387167639
704841845298219
316490315401549
343211515034379
492356486412069
303151754532099
191697339816469
633440043735139
606921661391439
732767890437179
980922058037965
020687376785186
649108558919526
954269600743306
551032708102746
463198140596886
307133044846786
513806966393386
352079351936016
149486217077866
553483777820186
511786394689946
119516022346106
625707178733846
458255507382026
903018485580846
791556362623696
319760184840506
659639937050496
395888901138756
681282716917768
646952134523787
660330959496507
331935738956457
868194698293697
220658370849657
977099141801737
557985963025237
862171620454797
017408021598467
811607359480337
289599852418117
599857731275007
457402835018767
680838205965057
839285382283317
713064416073097
295019707338487
116359164665997
078400310304617
378918336205172
511983071499095
677909042797445
202293793833305
092897435430895
957125387251065
687327652931755
091734575317915
967072502219985
302956610759005
431425805982765
560117764315245
941420584009895
898637852824765
789806891608395
746824077540995
883412300572495
843715213222195
949418997685925
398351115900535
445754310044360
564497504829828
809306423534428
083073146713368
912722776939548
296906312599368
179261207927278
873860244375418
108611807938678
443448577320028
661010117820408
209226047821088
812584216782368
654097265763018
671742533741718
020253475289178
723064916927848
568200456265708
267528652897368
139016999830818
869864169272200
981279085710368
008059837229948
812177466669718
262059425012108
195905494112648
215737296986308
248333322408308
963451235583088
486643532156788
008378234027248
132945224139258
027166909953118
414411794143128
806487061005538
506744222476448
839291602276058
641009173357518
380083020077998
593362998970528
444854395852165
727558664965949
010311275511039
981773283118759
854296204611489
269550787940489
968807297363009
529687902514989
386770255524499
501337043756789
190531008563479
889022998886069
311050755218019
025380496989789
412012727479819
234041645468379
933745345625269
061145099301879
462562744619049
757263676692729
414140409239854
545704002450807
896315904043157
568454438118837
329882045008207
344453390430307
980412363263547
697630752266397
875866973190317
228330494771947
664698300456357
247219626972147
841370970270617
607384928964257
857214211313447
865975732155897
937716328913367
354923763720477
648881731917797
884370978048167
750233751634882
321998284502398
302237024304988
084691789140368
160263756854048
884763131422008
526609104357148
292586784766128
147757767411408
776793147662528
108924902267858
677692778949738
888568676485048
618085046653048
730881559449758
931391107864008
073681983270368
561456633188888
696386215579008
835049798799298
819743468475475
269521541058136
765624329611806
594862902148246
629995045511206
896762062557246
983466036885636
658489616576596
853013943890566
784716990087546
467300733378906
783541846781066
764005315351306
553177559566826
285499768147376
188066418065446
992314949349646
687663684361366
202473646415866
655019137094546
602081658051115
039718946958195
968257880308075
602272198618155
386561475123725
678002047111505
177009936782065
299854068645675
286205888683525
407768393894895
724605658501065
890092106512135
543586881995335
440900332645835
709574720086875
064015353021735
587774767252955
347921906276315
495052366254075
494438055783025
553708538493701
333124920423015
002540362057365
480425010525785
821781066710065
496388246822015
925156208580255
881062817378405
309780756067965
991023132532015
740479034410305
255660730270005
449745770781905
054804936214595
778267023006515
692339992707305
227330930344685
709716713858815
656715562183635
038345895579495
545073711069842
188830677037555
010422069082545
073689447244795
560859788489145
702826551519195
021328159163575
689189250209945
517021665111095
782700575238255
599808990833845
235827459048125
392859345968075
730482012952745
076093928143325
247755329170545
414611508916065
027314227208885
806325871660565
017933910565875
575774306172403
286341963962095
162941530152645
339999308361345
014616407515675
500419377892775
249407859270425
142209561181825
691593542672105
599430183754045
370473548826875
753450804864725
617838097028825
419556954980695
772872246759605
876902318741535
744857903156025
046570180506595
360977193419015
442804138909445
506947610556875
569360148460079
694732508196029
405909386100329
982474432904169
467314071028889
479079019001499
197136041614349
124264807495809
067987449817299
109895056850059
316501043586549
358297941849649
570601713959249
431633814852199
243252355678409
381240483729759
156131901891639
933490001818559
285720933185479
129036490123129
815195195499929
941834327180499
130938003638969
576147109771399
591402652741589
990134215894849
510909261159049
883853320685289
608769463965149
032047152106289
712002574497939
687227078083699
218698971443779
889666947568449
702862029340009
295268936659699
195508681287289
745035057506339
938488787046569
956814799640274
025715493860929
871157691750309
806008138289069
301041655921709
444266303166949
541228627465669
230742178730939
147298212347379
257048839693049
535581024083649
669975615643959
747487527946119
740046859918379
970432399139939
813651082150609
826628481391249
204385872197749
447689323805739
615520554497309
094459604672708
339934047082669
544789703783609
285798571848909
202333868557179
950278129877099
841898974641759
965027771980959
913019413136159
928812943098559
090721533589079
496782028645939
139784860120499
681024625863539
228306960213999
031185833140689
576728668947139
171470577752819
965405177462369
439971558458209
099205999884528
030686846273795
898528711624065
565114470359915
600706675684945
745117357443015
704583676150115
202149996489705
219869321470815
939093605226045
132816003833495
295017102681205
734147250313735
329291101352855
929292534631515
667029915230165
470950267119855
396761089938055
972790640600905
794966145143255
405384319994236
559814713025359
288896093222939
752736650596119
594363201992429
615183526265429
012340319976009
731567747940369
843748301914779
751017095818009
230646495458249
659591781692199
610600268833589
147953892996969
552092035269649
422977256143399
977454859272339
734975424540979
474218466542919
745561754453759
342999108691255
326076503046439
611753508502039
807396016196919
520798008915839
497982709710309
817308678587869
868821876007749
236392361874249
631562479437359
581019471413499
142745726473249
277298258903869
893860360501489
297741333090899
930272511140969
698210039584559
479958798637569
032127785054389
306508889565909
319636493122944
593850225970635
748169296358895
958461899561945
974160716019195
592592894918605
237196766080785
470002597316275
330161546321005
512201579887665
007937875276755
110789415217825
454279684399095
033563115715535
326504426140605
582001838189545
360954763221695
592174584276885
041283457447705
153622502972305
052876696130440
055635981962278
827231828659848
057893456097938
526116339438098
788627207875808
555030020706638
290930305940998
270683600959018
504010135528188
783669625860618
964155340820328
278238460682068
040881062783588
181393041968518
678128672575198
835007743528018
922624287000048
860764054676138
966190562105558
817600434468431
603359770066949
045969722423749
340588662616279
302711940779409
865562481313889
012556083384809
663010582992769
697194685972689
195718936810569
620654383788929
468900236446459
390981824558029
184520900069599
872054383357199
240700767477599
498886541676939
111994454742629
662750518704069
928244477698329
902101527384490
742585049074965
782490074753765
262387487593685
142089146033215
313051436215925
305134099936285
118631112648915
416464113223985
697037786489475
359442748399635
175099390391965
551224648914855
944789245311105
979921935696435
821075790656715
216411092286655
968826346847755
610090607362765
148456192127365
575012698523910
956155813373408
712487609921158
418095661012278
532070751676688
274378637867788
124261331950878
714838788701308
729776504982378
814349339640348
287090826906448
153429339473348
954306642304578
350431707877458
175678796619338
681159120788738
158118772304728
058416397739388
000643421642888
017450843649278
800561549014124
931369047473239
571462675326179
156726305362399
892510478419519
248593202989059
355952507507089
880606516607839
987683665336459
413333931368289
450291047245039
392653021806549
297617207989929
878007045258589
849804956107069
089124775510219
813600981558379
148519652432909
014461157665879
387536172615579
296790465669238
687104545444859
841677051410929
444779878713489
672329794551499
789231768840699
725129750139649
434581704320689
474380511069469
046523920701449
949203211535789
614153539361459
866369173252499
672098819981579
199961104120089
295820345151819
690609674393529
845369648992649
178448319011229
006088434472069
021962216793152
913018337478228
211754453421678
779687264416398
676769003005048
983585867487418
638910979708958
483967234973788
964234874908668
772932958668718
401166237816108
939802506887148
915072391660648
639899701587118
541175954636998
978685310131718
623359153655618
029952157838208
381535754822688
744449957818888
488067169682810
500539136334087
048616789941757
293078094962137
873650545322607
170631938452547
961017358982047
030741698443207
963635819405487
984905870456987
027928146901587
050971867885817
431093823590677
616548772323547
501764608176897
088358333526057
757842270444117
674931328498397
929897943451977
443299992257307
372821550663397
406099656801388
664617202198668
209342098093308
323643128305878
812705891517718
465891698996568
368224604668248
436217105420768
013867173620438
654813312115708
921248421227478
108901376393998
345673380741988
152194323646968
631348125175558
354756682032318
260173156177338
015496521539568
245826565159928
242811588176096
443580693127995
180935515216185
593508577957295
019059784570755
100621037816835
717751512755945
437535784358175
992798718216095
802723020644365
452419405543895
697843168914375
240839646355825
527636117896555
020219176645185
581791303739795
687692481957555
991235160748615
671968463363855
381470103539595
500131280476016
577372252519548
542642753753338
137172853657528
038250933066548
999121708416598
388106590485238
391602519330098
918074860152758
843998007919688
115973609705288
094422552521288
987169447034348
858757039682468
155428853823568
076741871924868
998626012199348
108027181678628
570326524910878
612192285423948
111387469767999
320901363006166
164946517143686
504125877638336
094554163425976
742957358595156
449337783243926
673363876845026
834975171477086
575595100694846
578250863373536
738276829648186
942139275068226
930906268861336
353610316182826
017327409890156
037525025352686
226789166832136
651241199287056
987674027442786
160851434571398
766200255296316
456731731381036
124625169494616
692813907715496
590064483608336
934254442631796
702912242752156
448981465663516
209791854916396
349833229104746
465593973810216
210859754926276
433968509908376
198667810734386
113657729938236
867041766734676
803576209483166
363026158602106
550065580420456
681988932713844
290539350183697
576833530775147
648207884091707
655874526099037
779846897033467
022649231524597
213824009821857
196783888697597
939017298518457
094806218632577
381857474376967
818890646538507
514364796435087
028171518408197
362586175163717
681075996788587
667792843827947
601844662597457
364294273337197
790551133684860
504355265233437
390672622443517
031113100206207
387966295492387
529733097962217
916293023222427
636844847559117
053241377560347
409192484660527
504808137914197
175935669529367
501691009766857
336241756357807
594799639478747
726479720346417
776619291000277
765526189267127
293912814556147
484109341818977
347855799112721
684938945273859
153533210226389
003256636625299
969884707030149
616946533406989
298176019861929
034044623881959
189917148361969
040212022656879
656925840252619
609100847138349
718675914503669
178299925195959
176615485550209
341885438910229
247621719627859
303995107501879
974678071522059
344493244203899
969698776636599
873453020925559
721402520763959
023129287542399
024025719495309
856422243042049
852959747131919
433308708695629
591881451485289
536304414702819
758131073446479
801850479015509
496576704767179
861784704537439
796775155176349
866260303170009
990488240881109
215382244227989
420841165710419
649819659448569
953231653972743
403767250939629
697034488600989
845493091312599
582544373368079
079038971965519
290398312603809
293233193209009
979001195419649
686045771746079
319896142704129
267054057056819
538298427858989
817239090041919
937562438059309
910900462224509
251703386884319
688222015776009
444348364056459
095223509594919
203191470502833
670244132979318
152267978989198
756830012315168
933844959010958
725516972759648
284672339270428
718790197350578
232855466242778
995452038738908
457332309049778
619858939741038
497497744977008
082381897270918
672454880336018
068083747058168
009421272788298
858804379619498
580655686289478
133392935450088
220331028163083
463917577111519
346901831526219
382536960618539
707330813799379
439380371586339
186167364618019
818952684704889
914397687971669
190624807270139
605210703767929
098435758381199
197686317824399
170747862713679
056048634297079
213861687670789
304983578076169
712226296296309
648153575156309
897539382646619
494506476697940
040727647609778
708532531779598
187917691833808
321186261457638
846297359511328
328238083448198
028045534578518
715048321515988
924357410136528
195701709557318
284611286640808
445579562251958
121517931104088
551268516698488
167017048331608
151631348191958
146473578553898
076035840646058
143010792066738
188198889461605
534493372178618
891027583494848
711971538518868
700918987986978
620152818319808
217247584155328
157769237089498
552263150881398
065173255484938
030617575544278
213875652721048
728796965638778
102667389794958
218977232686188
396812240361948
131972752833728
841177880735688
101896560351258
439449052692518
285464158440598
